                                                                                      
                                                                                      
                                                                                      
                                                                                      
                                                                                      
                                     58808080888081                                   
                                    88888880808088887                                 
                                  788808        18880                                 
                                  88808          0888                                 
                                 70802         0788880                                
                                 78887 7       5278880                                
                                  8808 1       15 0808                                
                                  8080 11  77715778086                                
                                  88087711777718 70884                                
                                  7080571        18882                                
                                   8880 1  77 77 48801                                
                                   0888 7 0071   98087                                
                                   88807         08887                                
                                   58087         28085                                
                                   20807 7     7710888                                
                                   48087         78880                                
                                   508821        708080808080887                      
                                   780871         4880808088808087                    
                                7770080771         874877511780808                    
                             7808888808  7   77 77 6        7 48808                   
                            08088806080    752522 762040027    8080                   
                     7688880808007   7877   717   487 7 74607  28880                  
                    08888888080    7  0871        78        07  080807                
                   08088577580        10777       707     7 70 2 180885               
                  080897    18  6     78 7        18       5 8  47580807              
                 7808877   7 8 14      0          90       778  78 58887              
                 88807 77    8745      877        08     727 8  09 98807              
                 0808  67  77071       077     21 80   77 7570  7 18808               
                 8088718    78275      5027   77  05     7   8 7 788081               
                 0888 78    788 7      16777      80     71  08  08084                
                 80807757    702       87         782     97  0768088                 
                58808         87       8            87         08088                  
               7880811       0        7              2         70804                  
               28087 87                                        78080                  
               50802  4                                        80807                  
                80888     7                             7     98808                   
                 888885 75 77    17117               77767  780888                    
                  10808006888880211717 777157 27    7505815088808                     
                    58880808880888080888080817127188088888080807                      
                      408888576080808080888088808080888880801                         
                                 77171177508080808057                                 
                                                                                      
                                                                                      
                                                                                      
                                                                                      